musics:-0.44052446
sounds:-0.10713706
nickname:-Gilles
