musics:-0.39814812
sounds:-0.14820987
nickname:-Gilles
